fps: [120]
mastervolume: [0.500000]
musicvolume: [0.000000]
sfxvolume: [0.100000]
